Site	Mid_line_Diameter 	MD_um	Petiole_Diameter 		Beaver
1	118.51	11851	6.47		N
1	87.59	8759	5.74		N
1	95.94	9594	5.76		N
1	98.86	9886	5.48		N
1	99.08	9908	6.53		N
1	78.87	7887	4.3		N
1	96.84	9684	5.93		N
1	109.25	10925	5.72		N
1	109.07	10907	5.74		N
1	87.18	8718	5.11		N
1	89.91	8991	5.19		N
1	83.41	8341	4.74		N
1	113.6	11360	6.16		N
1	96.85	9685	5.6		N
1	77.33	7733	5.04		N
2	57.52	5752	2.87		N
2	205	20500	8.74		N
2	200	20000	8.2		N
2	179	17900	7.61		N
2	82.36	8236	3.25		N
2	99.28	9928	5.32		N
2	135.3	13530	6.6		N
2	131.78	13178	6.26		N
2	192	19200	8.11		N
2	150.45	15045	6.93		N
2	156	15600	8.14		N
2	137.1	13710	6.4		N
2	125.27	12527	6.3		N
2	67.79	6779	3.85		N
2	73.36	7336	3.46		N
2	68.97	6897	3.51		N
2	73.53	7353	3.53		N
2	107.45	10745	5.23		N
2	120.95	12095	6.34		N
2	132.67	13267	6.45		N
3	147.75	14775	6.8		N
3	120.99	12099	6.88		N
3	66.19	6619	3.67		N
3	99.4	9940	4.56		N
3	97.33	9733	5.01		N
3	151.61	15161	6.27		N
3	132.39	13239	6.27		N
3	91.49	9149	5.15		N
3	81.13	8113	3.9		N
3	174	17400	7.69		N
3	118.8	11880	6.51		N
3	215	21500	9.34		N
3	97.98	9798	4.69		N
3	90.19	9019	3.05		N
3	171	17100	7.53		N
3	134.83	13483	5.78		N
3	94.84	9484	5.3		N
3	61.82	6182	3.81		N
3	61.96	6196	3.53		N
4	157.9	15790	7.51		N
4	63.57	6357	3.93		N
4	130.98	13098	6.55		N
4	116.7	11670	6.57		N
4	97.39	9739	5.23		N
4	116.75	11675	5.75		N
4	120.41	12041	6.7		N
4	136.04	13604	5.95		N
4	124.27	12427	5.47		N
4	101.48	10148	5.16		N
4	165	16500	8.79		N
4	131.79	13179	6.31		N
4	131.28	13128	7.92		N
4	67	6700	3.91		N
4	124.16	12416	6.04		N
4	134.21	13421	6.48		N
4	79.2	7920	4.27		N
4	135.32	13532	7.07		N
4	140.85	14085	7.5		N
4	87.94	8794	4.71		N
4	161	16100	7.15		N
4	156.92	15692	6.99		N
4	131.52	13152	6.99		N
4	165	16500	7.74		N
4	134.59	13459	6.92		N
4	137.18	13718	7.25		N
4	117.97	11797	6.86		N
4	170	17000	7.47		N
4	165	16500	8.84		N
4	124.86	12486	7.12		N
4	112.27	11227	7.01		N
4	113.47	11347	5.92		N
4	144	14400	8.01		N
4	137	13700	7.47		N
5	34.4	3440	1.59		N
5	107.62	10762	4.86		N
5	88.73	8873	3.97		N
5	101.27	10127	4.27		N
5	130.8	13080	5.9		N
5	93.35	9335	4.35		N
5	173	17300	8.36		N
5	103.14	10314	5.09		N
5	60.5	6050	3.64		N
5	100.49	10049	4.69		N
5	37.57	3757	2.09		N
5	50.46	5046	2.76		N
5	106.56	10656	5.5		N
5	103	10300	5.45		N
5	62.86	6286	3.38		N
5	53.48	5348	3.17		N
5	45.75	4575	2.48		N
5	107.64	10764	5.32		N
5	122.16	12216	6.19		N
5	133.34	13334	6.95		N
5	153.89	15389	6.49		N
6	122.7	12270	6.41		N
6	123.57	12357	5.75		N
6	138.91	13891	6.19		N
6	152	15200	7.64		N
6	173	17300	7.43		N
6	60.22	6022	3.19		N
6	90.53	9053	4.56		N
6	61.55	6155	2.83		N
6	45.85	4585	2.23		N
6	86.07	8607	4.25		N
6	131.15	13115	6.29		N
6	92.21	9221	4.37		N
6	112.5	11250	6.05		N
6	54.27	5427	2.96		N
6	59.72	5972	3.38		N
6	210	21000	8.91		N
6	49.01	4901	2.03		N
6	73.33	7333	3.74		N
6	195	19500	7.79		N
6	203	20300	9		N
7	97.22	9722	6.52		N
7	164	16400	7.49		N
7	65.47	6547	3.49		N
7	183	18300	7.16		N
7	103.06	10306	4.85		N
7	54.67	5467	3.56		N
7	55	5500	4.04		N
7	84.09	8409	4.6		N
7	123.81	12381	6.18		N
7	168	16800	8.46		N
7	175	17500	8.72		N
7	74.68	7468	4.56		N
7	57.56	5756	3.47		N
7	84.53	8453	4.67		N
7	62.51	6251	4.35		N
7	56.13	5613	3.81		N
7	130.39	13039	6.23		N
7	176	17600	7		N
7	151.96	15196	7.38		N
7	128.58	12858	6.49		N
8	125.51	12551	6.58		N
8	142.91	14291	6.93		N
8	120.78	12078	7.23		N
8	54.62	5462	3.46		N
8	101.54	10154	5.79		N
8	61.09	6109	3.74		N
8	91.37	9137	5.37		N
8	60.57	6057	3.57		N
8	68.57	6857	4.7		N
8	122.09	12209	6.31		N
8	131.2	13120	6.27		N
8	132	13200	5.51		N
8	162	16200	6.93		N
8	175	17500	7.86		N
8	70.51	7051	4		N
8	127.11	12711	7.8		N
8	75.97	7597	4.21		N
8	63.69	6369	4.62		N
8	46.32	4632	3.64		N
8	74.47	7447	4.3		N
8	74.84	7484	4.52		N
8	53.45	5345	4.18		N
8	139.54	13954	6.96		N
8	176	17600	8.26		N
9	84.7	8470	4.38		N
9	124.69	12469	5.94		N
9	131.01	13101	6.06		N
9	44.13	4413	3.16		N
9	45.35	4535	3.06		N
9	40.74	4074	2.54		N
9	80.48	8048	3.9		N
9	67.04	6704	3.2		N
9	179	17900	8.59		N
9	81.22	8122	3.98		N
9	96.29	9629	4.84		N
9	150	15000	7.57		N
9	196	19600	8.29		N
9	58.4	5840	3.51		N
9	100	10000	6.18		N
9	87.96	8796	4.81		N
9	155.88	15588	7.1		N
9	123.39	12339	4.9		N
9	116.16	11616	6.09		N
9	144.11	14411	6.95		N
9	128.53	12853	6.39		N
9	115.24	11524	6.46		N
9	156.94	15694	7.56		N
9	116.26	11626	5.14		N
9	85.92	8592	4.3		N
9	93.23	9323	5.8		N
9	134.9	13490	6.83		Y
9	115.44	11544	6.28		Y
9	150.18	15018	7.47		Y
9	131.64	13164	7.58		Y
9	127.05	12705	6.83		Y
10	106.19	10619	5.93		Y
10	69.52	6952	4.08		Y
10	134.85	13485	7.76		Y
10	89.21	8921	6.52		Y
10	126.78	12678	6.73		Y
10	169	16900	9.05		Y
10	107.31	10731	5.75		Y
10	81.38	8138	6.24		Y
10	90.51	9051	5.21		Y
10	131.57	13157	7.04		Y
10	123.02	12302	7.83		Y
10	119.11	11911	5.93		Y
11	143	14300	7.42		N
11	58	5800	3.58		N
11	149	14900	7.47		N
11	98	9800	6.07		N
11	115	11500	6.81		N
11	151	15100	8.05		N
11	150	15000	7.24		N
11	140	14000	7.9		N
11	126	12600	6.15		N
11	134	13400	6.2		N
11	114	11400	7.26		N
11	104	10400	7.06		N
11	115	11500	6.45		N
11	78	7800	3.66		N
11	82	8200	4.37		N
11	82	8200	4.55		N
11	66	6600	3.81		N
11	60	6000	2.77		N
11	39	3900	1.91		N
11	43	4300	2.62		N
12	48	4800	2.39		N
12	85	8500	4.22		N
12	61	6100	2.41		N
12	103	10300	5.54		N
12	71	7100	3.56		N
12	137	13700	5.72		N
12	94	9400	4.72		N
12	106	10600	5.05		N
12	130	13000	6.76		N
12	103	10300	5.64		N
12	78	7800	4.06		N
12	193	19300	9.25		N
12	134	13400	5.99		N
12	112	11200	4.57		N
12	161	16100	6.96		N
12	154	15400	6.78		N
12	148	14800	7.29		N
12	105	10500	5.16		N
12	195	19500	8.64		N
12	156	15600	7.01		N
13	47	4700	2.39		N
13	85	8500	4.65		N
13	111	11100	5.16		N
13	57	5700	2.87		N
13	160	16000	6.63		N
13	173	17300	7.42		N
13	91	9100	3.66		N
13	152	15200	7.26		N
13	72	7200	3.71		N
13	68	6800	3.2		N
13	123	12300	5.99		N
13	116	11600	6.38		N
13	115	11500	5.49		N
13	110	11000	4.93		N
13	163	16300	7.29		N
13	134	13400	6.1		N
13	134	13400	5.97		N
13	193	19300	9.93		N
13	180	18000	8.28		N
13	152	15200	7.24		N
14	49	4900	2.97		N
14	112	11200	6.68		N
14	71	7100	3.78		N
14	187	18700	7.11		N
14	57	5700	2.74		N
14	100	10000	4.75		N
14	102	10200	5.59		N
14	82	8200	3.94		N
14	124	12400	5.44		N
14	103	10300	4.98		N
14	85	8500	4.24		N
14	103	10300	5.51		N
14	165	16500	6.48		N
14	108	10800	5.69		N
14	56	5600	2.79		N
14	125	12500	5.72		N
14	88	8800	4.39		N
14	144	14400	7.19		N
14	153	15300	7.29		N
14	176	17600	8.18		N
15	54	5400	2.84		N
15	96	9600	4.19		N
15	147	14700	6.5		N
15	60	6000	3.2		N
15	68	6800	4.14		N
15	53	5300	2.51		N
15	180	18000	8.53		N
15	119	11900	6.25		N
15	127	12700	6.17		N
15	52	5200	3.53		N
15	94	9400	5.03		N
15	112	11200	6.1		N
15	98	9800	4.98		N
15	107	10700	5.21		N
15	99	9900	5.03		N
15	171	17100	7.19		N
15	128	12800	6.32		N
15	139	13900	7.04		N
15	112	11200	6.35		N
15	131	13100	6.3		N
16	78	7800	3.73		N
16	110	11000	5.21		N
16	96	9600	3.78		N
16	77	7700	3.71		N
16	154	15400	6.93		N
16	153	15300	6.4		N
16	30	3000	1.57		N
16	65	6500	3.2		N
16	105	10500	4.55		N
16	50	5000	2.62		N
16	69	6900	3.48		N
16	57	5700	2.67		N
16	216	21600	9.4		N
16	157	15700	6.86		N
16	145	14500	6.2		N
16	116	11600	4.93		N
16	118	11800	5.18		N
16	152	15200	6.12		N
16	166	16600	7.26		N
16	205	20500	9.14		N
17	138	13800	6.12		N
17	53	5300	3.23		N
17	136	13600	7.04		N
17	51	5100	3.05		N
17	151	15100	7.06		N
17	176	17600	9.58		N
17	53	5300	4.62		N
17	173	17300	8.66		N
17	65	6500	3.96		N
17	85	8500	5.26		N
17	52	5200	3.53		N
17	144	14400	8.33		N
17	112	11200	5.41		N
17	160	16000	7.32		N
17	105	10500	5.46		N
17	89	8900	4.34		N
17	121	12100	6.35		N
17	114	11400	6.12		N
17	109	10900	5.11		N
17	154	15400	8.18		N
